Балакин
8580
zyxw
140

Бессарабов
3
504
152

Буколова
15
21
2166;730

Галкин
47
1509
2024;732

Есин
1338
wyzx
3058

Золотова
7
12
1978;749

Конов?
105
xwyz
2024;732

Кылычбеков
47
yxwz
152

Литвинов
30
25
1439307078

Меерова
3363
60065
152

Мухиев
150
777700
140

Нурмагомедова
8580
6400
2024;732

Патанин
8580
3352
1439307078

Разумнов?
2
504
2166;730

Ремнев
50
1197
1978;749

Сафиуллин
1011
300
1439307078

Сёмин
1011
33
1439307078

Смолокуров
4096
1509
162947670

Спирин
3363
33
140

Филипчук
32727
29
2024;732

Филичев
4096
504
1978;749

