Бугаев
4  2288
6  23929
14  24066

Валяренко
7  2866
2  10749
14  24068

Зданович
4  23839
2  23392
5  23731

Иванова
4  2272
2  23392
5  23731

Корчаев
23  23907
2  1695
15  927

Лобуз
11  4233
1  11748
13  26645

Лубошникова
10  23165
3  23401
15  23183

Медведев
10  23165
12  23792
15  23615

Насонов
10  860
2  1814
5  23731

Панченко
16  23627
8  23769
5  3763

Ревенко
4  2288
3  1677
5  3764

Сальников
11  4233
2  10749
5  3763

Скуднев
4  1702
12  23792
14  24068

Соломин
16  13677
1  1692
15  23183

Тамаев
16  23190
8  10755
5  23731

Хохлачев
7  3502
3  23716
13  26648

Шапошникова
23  23202
6  23747
18  23191
