Балакин 23 23901 2 4590 14 24070 
Бессарабов 10 23165 8 23770 14 24066 
Буколова 7 2866 1 1693 18 23932 
Галкин 10 23781 3 1677 18 23931 
Есин 16 23627 2 10749 14 24068 
Золотова 10 860 1 1692 18 23888 
Конов? 23 23202 2 23392 18 23931 
Кылычбеков 10 23781 2 1814 14 24066 
Литвинов 23 23664 1 23690 14 23809 
Меерова 16 24051 3 23716 14 24066 
Мухиев 23 23907 3 23709 14 24070 
Нурмагомедова 23 23901 8 24145 18 23931 
Патанин 23 23901 8 23769 14 23809 
Разумнов? 7 23847 8 23770 18 23932 
Ремнев 10 27275 3 23401 18 23888 
Сафиуллин 4 1706 3 23711 14 23809 
Сёмин 4 1706 12 25096 14 23809 
Смолокуров 7 2520 3 1677 14 23807 
Спирин 16 24051 12 25096 14 24070 
Филипчук 16 23190 12 23591 18 23931 
Филичев 7 2520 8 23770 18 23888 
